17
633.0 257.0 91.0 412.0 150.0 80.0 134.0 259.0 505.0 353.0 324.0 70.0 211.0 268.0 246.0 121.0
390.0 661.0 227.0 488.0 572.0 530.0 555.0 289.0 282.0 638.0 567.0 466.0 420.0 745.0 518.0
228.0 169.0 112.0 196.0 154.0 372.0 262.0 110.0 437.0 191.0 74.0 53.0 472.0 142.0
383.0 120.0 77.0 105.0 175.0 476.0 324.0 240.0 27.0 182.0 239.0 237.0 84.0
267.0 351.0 309.0 338.0 196.0 61.0 421.0 346.0 243.0 199.0 528.0 297.0
63.0 34.0 264.0 360.0 208.0 329.0 83.0 105.0 123.0 364.0 35.0
29.0 232.0 444.0 292.0 297.0 47.0 150.0 207.0 332.0 29.0
249.0 402.0 250.0 314.0 68.0 108.0 165.0 349.0 36.0
495.0 352.0 95.0 189.0 326.0 383.0 202.0 236.0
154.0 578.0 439.0 336.0 240.0 685.0 390.0
435.0 287.0 184.0 140.0 542.0 238.0
254.0 391.0 448.0 157.0 301.0
145.0 202.0 289.0 55.0
57.0 426.0 96.0
483.0 153.0
336.0
