21
510.0 635.0 91.0 385.0 155.0 110.0 130.0 490.0 370.0 155.0 68.0 610.0 655.0 480.0 265.0 255.0 450.0 170.0 240.0 380.0
355.0 415.0 585.0 475.0 480.0 500.0 605.0 320.0 380.0 440.0 360.0 235.0 81.0 480.0 440.0 270.0 445.0 290.0 140.0
605.0 390.0 495.0 570.0 540.0 295.0 700.0 640.0 575.0 705.0 585.0 435.0 420.0 755.0 625.0 750.0 590.0 495.0
350.0 120.0 78.0 97.0 460.0 280.0 63.0 27.0 520.0 555.0 380.0 235.0 235.0 345.0 160.0 140.0 280.0
240.0 320.0 285.0 120.0 590.0 430.0 320.0 835.0 750.0 575.0 125.0 650.0 660.0 495.0 480.0 480.0
96.0 36.0 350.0 365.0 200.0 91.0 605.0 615.0 440.0 125.0 370.0 430.0 265.0 255.0 340.0
29.0 425.0 350.0 160.0 48.0 590.0 625.0 455.0 200.0 320.0 420.0 220.0 205.0 350.0
390.0 370.0 175.0 67.0 610.0 645.0 465.0 165.0 350.0 440.0 240.0 220.0 370.0
625.0 535.0 430.0 865.0 775.0 600.0 230.0 680.0 690.0 600.0 515.0 505.0
240.0 300.0 250.0 285.0 245.0 475.0 150.0 77.0 235.0 150.0 185.0
90.0 480.0 515.0 345.0 310.0 175.0 310.0 125.0 100.0 240.0
545.0 585.0 415.0 205.0 265.0 380.0 170.0 170.0 310.0
190.0 295.0 715.0 400.0 180.0 485.0 390.0 345.0
170.0 650.0 435.0 215.0 525.0 425.0 280.0
475.0 385.0 190.0 405.0 255.0 105.0
485.0 545.0 375.0 395.0 380.0
225.0 87.0 205.0 280.0
315.0 220.0 165.0
155.0 305.0
150.0
